P(topic 1),P(topic 2),P(topic 3),P(topic 4),P(topic 5),P(topic 6),P(topic 7),P(topic 8),P(topic 9),P(topic 10),P(topic 11),P(topic 12),P(topic 13),P(topic 14),P(topic 15),P(topic 16),P(topic 17),P(topic 18),P(topic 19),P(topic 20)
0.008445761861503396,0.008445761861503396,0.008445761861503396,0.008445761861503396,0.008445761861503396,0.008445761861503396,0.008445761861503396,0.008445761861503396,0.008445761861503396,0.008445761861503396,0.008445761861503396,0.008445761889127622,0.008445761887356929,0.008445761861503396,0.008445761861503396,0.008445761861503396,0.008445761861503396,0.8395305245779578,0.008445761861503396,0.008445761861503396
0.01420084613337498,0.01420084613337498,0.01420084613337498,0.01420084613337498,0.01420084613337498,0.01420084613337498,0.01420084613337498,0.01420084613337498,0.01420084613337498,0.01420084613337498,0.01420084613337498,0.24558553242484646,0.01420084613337498,0.01420084613337498,0.01420084613337498,0.01420084613337498,0.01420084613337498,0.4987992371744039,0.01420084613337498,0.01420084613337498
0.010152426360447886,0.010152426360447888,0.010152426360447888,0.010152426360447888,0.010152426360447888,0.01015242636044788,0.010152426360447888,0.010152431266265133,0.010152426360447888,0.010152426360447888,0.010152426360447888,0.010152426366080287,0.01015242636044788,0.010152426360447888,0.010152426360447888,0.010152426360447888,0.010152426360447888,0.8071038942400407,0.010152426360447888,0.010152426360447888
0.0094429247655787,0.0094429247655787,0.0094429247655787,0.0094429247655787,0.0094429247655787,0.00944292482950988,0.0094429247655787,0.0094429247655787,0.0094429247655787,0.0094429247655787,0.0094429247655787,0.009442924806916733,0.009442924797910826,0.0094429247655787,0.0094429247655787,0.0094429247655787,0.0094429247655787,0.8205844293164035,0.0094429247655787,0.0094429247655787
0.009846458831623136,0.009846458831623136,0.009846458831623136,0.009846458831623136,0.009846458831623136,0.009846458831623136,0.009846458831623136,0.009846458831623136,0.009846458831623136,0.009846458831623136,0.009846458831623136,0.009846459445804676,0.009846458831623136,0.009846458831623136,0.009846458831623136,0.009846458831623136,0.009846458831623136,0.812917281584979,0.009846458831623136,0.009846458831623136
0.007053021571389331,0.007053021571389331,0.007053021571389331,0.007053021571389331,0.007053021571389331,0.6445273397681968,0.007053021571389331,0.007053021571389331,0.007053021571389331,0.007053021571389331,0.007053021571389331,0.007053021631095264,0.007053021571389331,0.007053021571389331,0.007053021571389331,0.007053021571389331,0.007053021571389331,0.22851827188708937,0.007053021571389331,0.007053021571389331
0.008843595507106195,0.008843595507106195,0.008843595507106195,0.008843595507106195,0.008843595507106195,0.008843595507106195,0.008843595507106195,0.008843595507106195,0.008843595507106195,0.008843595507106195,0.008843595507106195,0.008843595545896563,0.00884359553270027,0.008843595507106195,0.008843595507106195,0.008843595507106195,0.008843595507106195,0.8319716853005978,0.008843595507106195,0.008843595507106195
0.012171408499510337,0.01217140849951034,0.01217140849951034,0.01217140849951034,0.012171408499510337,0.12185843333830237,0.012171408499510337,0.012171408499510337,0.01217140849951034,0.012171408499510337,0.012171408499510337,0.012171409358856956,0.012171408499510336,0.01217140849951034,0.012171408499510337,0.012171408499510337,0.01217140849951034,0.659056212811165,0.01217140849951034,0.01217140849951034
0.007053021571389331,0.007053021571389331,0.007053021571389331,0.007053021571389331,0.007053021571389331,0.6445273397681968,0.007053021571389331,0.007053021571389331,0.007053021571389331,0.007053021571389331,0.007053021571389331,0.007053021631095264,0.007053021571389331,0.007053021571389331,0.007053021571389331,0.007053021571389331,0.007053021571389331,0.22851827188708937,0.007053021571389331,0.007053021571389331
0.012596946413161069,0.012596946413161069,0.012596946413161069,0.012596946413161069,0.012596946413161069,0.012596946413161069,0.012596946413161069,0.012596946413161069,0.012596946413161069,0.012596946413161069,0.012596946413161069,0.012596946490969122,0.012596946413161069,0.012596946413161069,0.012596946413161069,0.012596946413161069,0.012596946413161069,0.7606580180721317,0.012596946413161069,0.012596946413161069
0.012399412093858513,0.012399412093858513,0.012399412093858513,0.012399412093858513,0.012399412093858513,0.012399412093858513,0.012399412093858513,0.012399412093858513,0.012399412093858513,0.012399412093858513,0.012399412093858513,0.012399412147284064,0.012399412093858513,0.012399412093858513,0.012399412093858513,0.012399412093858513,0.012399412093858513,0.7644111701632627,0.012399412093858513,0.012399412093858513
0.007739743930447743,0.007739743930447743,0.007739743930447743,0.007739743930447743,0.007739743930447743,0.007739743930447742,0.007739743930447743,0.007739743930447742,0.007739743930447743,0.007739743930447743,0.007739743930447743,0.0077397485224273786,0.007739743948511765,0.007739743930447743,0.007739743930447743,0.007739743930447743,0.007739743930447743,0.8529448607114494,0.007739743930447743,0.007739743930447743
0.013609414637328711,0.013609414637328713,0.013609414637328713,0.013609414637328713,0.013609414637328713,0.01360941463732871,0.013609414637328713,0.013609414637328711,0.013609414637328713,0.013609414637328713,0.013609414637328713,0.013609414674776889,0.01360941463732871,0.013609414637328713,0.013609414637328713,0.013609414637328713,0.013609414637328713,0.7414211218533062,0.013609414637328713,0.013609414637328713
0.012673362696659618,0.012673362696659618,0.012673362696659618,0.012673362696659618,0.012673362696659618,0.012673362696659618,0.012673362696659618,0.012673362696659618,0.012673362696659618,0.012673362696659618,0.012673362696659618,0.012673362746061676,0.012673362696659618,0.012673362696659618,0.012673362696659618,0.012673362696659618,0.012673362696659618,0.7592061087140652,0.012673362696659618,0.012673362696659618
0.014244252419692842,0.014244252419692842,0.014244252419692842,0.014244252419692842,0.014244252419692842,0.014244252419692842,0.014244252419692842,0.014244252419692842,0.014244252419692842,0.014244252419692842,0.014244252419692842,0.014244252437740426,0.014244252419692842,0.014244252419692842,0.014244252419692842,0.014244252419692842,0.014244252419692842,0.7293592040077884,0.014244252419692842,0.014244252419692842
0.008973874505900991,0.008973874505900991,0.008973874505900991,0.008973874505900991,0.008973874505900991,0.00897387450590099,0.008973874505900991,0.00897387450590099,0.008973874505900991,0.008973874505900991,0.008973874505900991,0.00897387454584774,0.008973874537531153,0.008973874505900991,0.008973874505900991,0.008973874505900991,0.008973874505900991,0.8294963843163043,0.008973874505900991,0.008973874505900991
0.014023584719550328,0.014023584719550328,0.014023584719550328,0.014023584719550328,0.014023584719550328,0.014023584719550328,0.014023584719550328,0.014023584719550328,0.014023584719550328,0.014023584719550328,0.014023584719550328,0.014023585234493938,0.014023584719550328,0.014023584719550328,0.014023584719550328,0.014023584719550328,0.014023584719550328,0.7335518898136003,0.014023584719550328,0.014023584719550328
0.007053021571389331,0.007053021571389331,0.007053021571389331,0.007053021571389331,0.007053021571389331,0.6445273397681968,0.007053021571389331,0.007053021571389331,0.007053021571389331,0.007053021571389331,0.007053021571389331,0.007053021631095264,0.007053021571389331,0.007053021571389331,0.007053021571389331,0.007053021571389331,0.007053021571389331,0.22851827188708937,0.007053021571389331,0.007053021571389331
0.007053021571389331,0.007053021571389331,0.007053021571389331,0.007053021571389331,0.007053021571389331,0.6445273397681968,0.007053021571389331,0.007053021571389331,0.007053021571389331,0.007053021571389331,0.007053021571389331,0.007053021631095264,0.007053021571389331,0.007053021571389331,0.007053021571389331,0.007053021571389331,0.007053021571389331,0.22851827188708937,0.007053021571389331,0.007053021571389331
0.007053021571389331,0.007053021571389331,0.007053021571389331,0.007053021571389331,0.007053021571389331,0.6445273397681968,0.007053021571389331,0.007053021571389331,0.007053021571389331,0.007053021571389331,0.007053021571389331,0.007053021631095264,0.007053021571389331,0.007053021571389331,0.007053021571389331,0.007053021571389331,0.007053021571389331,0.22851827188708937,0.007053021571389331,0.007053021571389331
0.007053021571389331,0.007053021571389331,0.007053021571389331,0.007053021571389331,0.007053021571389331,0.6445273397681968,0.007053021571389331,0.007053021571389331,0.007053021571389331,0.007053021571389331,0.007053021571389331,0.007053021631095264,0.007053021571389331,0.007053021571389331,0.007053021571389331,0.007053021571389331,0.007053021571389331,0.22851827188708937,0.007053021571389331,0.007053021571389331
0.010804091027541306,0.010804091027541308,0.010804091027541308,0.010804091027541308,0.010804091027541308,0.010804091027541301,0.010804091027541306,0.010804091027541304,0.010804091027541308,0.010804091027541306,0.010804091027541308,0.010804091074172559,0.010804091027541301,0.010804091027541308,0.010804091027541308,0.010804091027541306,0.010804091027541308,0.794722270430084,0.010804091027541308,0.010804091027541308
0.01059234969737083,0.01059234969737083,0.01059234969737083,0.01059234969737083,0.01059234969737083,0.01059234969737083,0.01059234969737083,0.01059234969737083,0.01059234969737083,0.01059234969737083,0.01059234969737083,0.010592349745599463,0.6043061193137861,0.01059234969737083,0.01059234969737083,0.01059234969737083,0.01059234969737083,0.20503158608531039,0.01059234969737083,0.01059234969737083
0.011695682712208395,0.011695682712208395,0.011695682712208395,0.011695682712208395,0.011695682712208395,0.011695682712208394,0.011695682712208395,0.011695682712208395,0.011695682712208395,0.011695682712208395,0.011695682712208395,0.011695682726095035,0.011695682712208394,0.011695682712208395,0.011695682712208395,0.011695682712208395,0.011695682712208395,0.7777820284541539,0.011695682712208395,0.011695682712208395
0.01228768861773288,0.01228768861773288,0.01228768861773288,0.01228768861773288,0.01228768861773288,0.012287688617732878,0.01228768861773288,0.01228768861773288,0.01228768861773288,0.01228768861773288,0.01228768861773288,0.012287689435896596,0.012287688617732878,0.01228768861773288,0.01228768861773288,0.01228768861773288,0.01228768861773288,0.7665339154449116,0.01228768861773288,0.01228768861773288
0.007752402205060356,0.007752402205060358,0.17354062213968713,0.007752402205060357,0.007752402205060357,0.0077524022050603535,0.007752402205060357,0.007752402205060356,0.007752402205060358,0.007752402205060357,0.007752402205060357,0.007752402880728637,0.0077524022050603535,0.007752402205060358,0.007752402205060357,0.007752402205060357,0.007752402205060358,0.6869161374935583,0.007752402205060358,0.007752402205060358
0.009490937627259041,0.009490937627259041,0.009490937627259041,0.009490937627259041,0.009490937627259041,0.009490937627259041,0.009490937627259041,0.009490937627259041,0.009490937627259041,0.009490937627259041,0.009490937627259041,0.009490937660193682,0.009490937627259041,0.009490937627259041,0.009490937627259041,0.009490937627259041,0.009490937627259041,0.8196721850491435,0.009490937627259041,0.009490937627259041
0.009771986655879219,0.009771986655879219,0.009771986655879219,0.009771986655879219,0.009771986655879219,0.009771987349525274,0.009771986655879219,0.00977198677454071,0.009771986655879219,0.009771986655879219,0.009771986655879219,0.009771986675493538,0.009771986655879219,0.009771986655879219,0.009771986655879219,0.009771986655879219,0.009771986655879219,0.814332252706373,0.009771986655879219,0.009771986655879219
0.013243974215911876,0.013243974215911876,0.013243974215911876,0.013243974215911876,0.013243974215911876,0.013243974215911876,0.013243974215911876,0.013243974215911876,0.013243974215911876,0.013243974215911876,0.013243974215911876,0.013243974478156761,0.013243974215911876,0.013243974215911876,0.013243974215911876,0.013243974215911876,0.013243974215911876,0.7483644896354297,0.013243974215911876,0.013243974215911876
0.008718793179201191,0.008718793179201191,0.008718793179201191,0.008718793179201191,0.008718793179201191,0.008718793179201191,0.008718793179201191,0.008718793179201191,0.008718793179201191,0.008718793179201191,0.008718793179201191,0.008718793215129058,0.00871879320765811,0.008718793179201191,0.008718793179201191,0.008718793179201191,0.008718793179201191,0.8343429295307927,0.008718793179201191,0.008718793179201191
0.012754038624160765,0.012754038624160765,0.012754038624160765,0.012754038624160765,0.012754038624160765,0.012754038624160765,0.012754038624160765,0.012754038624160765,0.012754038624160765,0.012754038624160765,0.012754038624160765,0.012754038691297999,0.012754038624160765,0.012754038624160765,0.012754038624160765,0.012754038624160765,0.012754038624160765,0.7576732660738084,0.012754038624160765,0.012754038624160765
0.0131005735322735,0.0131005735322735,0.0131005735322735,0.0131005735322735,0.0131005735322735,0.013100573532273499,0.0131005735322735,0.013100573532273499,0.0131005735322735,0.0131005735322735,0.0131005735322735,0.7198872673667099,0.013100573532273499,0.0131005735322735,0.0131005735322735,0.0131005735322735,0.0131005735322735,0.04430240905236717,0.0131005735322735,0.0131005735322735
0.01652463314308021,0.01652463314308021,0.01652463314308021,0.01652463314308021,0.01652463314308021,0.01652463314308021,0.01652463314308021,0.01652463314308021,0.01652463314308021,0.01652463314308021,0.01652463314308021,0.016524633255211505,0.01652463314308021,0.01652463314308021,0.01652463314308021,0.01652463314308021,0.01652463314308021,0.6860319701693447,0.01652463314308021,0.01652463314308021
0.013760077572325658,0.013760077572325658,0.013760077572325658,0.013760077572325658,0.013760077572325658,0.013760077572325658,0.013760077572325658,0.013760077572325658,0.013760077572325658,0.013760077572325658,0.013760077572325658,0.14881868647901406,0.013760077572325658,0.013760077572325658,0.013760077572325658,0.013760077572325658,0.013760077572325658,0.6034999172191242,0.013760077572325658,0.013760077572325658
0.01199882819787958,0.011998828197879582,0.011998828197879582,0.011998828197879582,0.011998828197879582,0.01199882819787958,0.011998828197879582,0.01199882819787958,0.011998828197879582,0.011998828197879582,0.011998828863928177,0.011998828229419004,0.01199882819787958,0.011998828197879582,0.011998828197879582,0.011998828197879582,0.011998828197879582,0.7720222635427001,0.011998828197879582,0.011998828197879582
0.011543710005175102,0.011543710005175102,0.011543710005175102,0.011543710005175102,0.011543710005175102,0.0115437100051751,0.011543710005175102,0.011543710005175102,0.011543710005175102,0.011543710005175102,0.011543710005175102,0.011543710062252051,0.0115437100051751,0.011543710005175102,0.011543710005175102,0.011543710005175102,0.011543710005175102,0.7806695098445962,0.011543710005175102,0.011543710005175102
0.01779202058433487,0.01779202058433487,0.01779202058433487,0.01779202058433487,0.01779202058433487,0.01779202058433487,0.01779202058433487,0.01779202058433487,0.01779202058433487,0.01779202058433487,0.3132229330410476,0.017792020625857677,0.01779202058433487,0.01779202058433487,0.01779202058433487,0.01779202058433487,0.01779202058433487,0.36652069639940205,0.01779202058433487,0.01779202058433487
0.008731509883990572,0.008731509883990574,0.008731509883990574,0.008731509883990574,0.008731509883990574,0.00873150988399057,0.008731509883990574,0.008731509883990572,0.008731509883990574,0.2007795954505283,0.008731509883990574,0.04281512675403009,0.008731509883990568,0.008731509883990574,0.008731509883990574,0.008731509883990574,0.008731509883990574,0.607969609767602,0.008731509883990574,0.008731509883990574
0.00854101172574627,0.008541011725746272,0.008541011725746272,0.008541011725746272,0.008541011725746272,0.008541011741367762,0.008541011725746272,0.008541011725746268,0.008541011725746272,0.008541011725746272,0.008541011725746272,0.008541011741023351,0.008541011725746266,0.008541011725746272,0.008541011725746272,0.008541011725746272,0.008541011725746272,0.7095331873423604,0.13672860156330824,0.008541011725746272
0.007053021571389331,0.007053021571389331,0.007053021571389331,0.007053021571389331,0.007053021571389331,0.6445273397681968,0.007053021571389331,0.007053021571389331,0.007053021571389331,0.007053021571389331,0.007053021571389331,0.007053021631095264,0.007053021571389331,0.007053021571389331,0.007053021571389331,0.007053021571389331,0.007053021571389331,0.22851827188708937,0.007053021571389331,0.007053021571389331
0.007053021571389331,0.007053021571389331,0.007053021571389331,0.007053021571389331,0.007053021571389331,0.6445273397681968,0.007053021571389331,0.007053021571389331,0.007053021571389331,0.007053021571389331,0.007053021571389331,0.007053021631095264,0.007053021571389331,0.007053021571389331,0.007053021571389331,0.007053021571389331,0.007053021571389331,0.22851827188708937,0.007053021571389331,0.007053021571389331
0.013140227939169068,0.013140227939169068,0.013140227939169068,0.013140227939169068,0.013140227939169068,0.013140227939169068,0.013140227939169068,0.013140227939169068,0.013140227939169068,0.013140227939169068,0.013140227939169068,0.013140228019105363,0.013140227939169068,0.013140227939169068,0.013140227939169068,0.013140227939169068,0.013140227939169068,0.7503356690758515,0.013140227939169068,0.013140227939169068
0.008175701350642587,0.008175701350642587,0.008175701350642587,0.008175701350642587,0.008175701350642587,0.008175701350642585,0.008175701350642587,0.48968466984916725,0.008175701350642587,0.008175701350642587,0.008175701350642587,0.008175701475441022,0.008175701350642585,0.008175701350642587,0.008175701350642587,0.008175701350642587,0.008175701350642587,0.36315270571446795,0.008175701350642587,0.008175701350642587
0.013976642462856426,0.013976642462856426,0.013976642462856426,0.013976642462856426,0.013976642462856426,0.013976642462856426,0.013976642462856426,0.013976642462856426,0.013976642462856426,0.013976642462856426,0.013976642462856426,0.013976642568849708,0.013976642462856426,0.013976642462856426,0.013976642462856426,0.013976642462856426,0.013976642462856426,0.7344437930997347,0.013976642462856426,0.013976642462856426
0.007053021571389331,0.007053021571389331,0.007053021571389331,0.007053021571389331,0.007053021571389331,0.6445273397681968,0.007053021571389331,0.007053021571389331,0.007053021571389331,0.007053021571389331,0.007053021571389331,0.007053021631095264,0.007053021571389331,0.007053021571389331,0.007053021571389331,0.007053021571389331,0.007053021571389331,0.22851827188708937,0.007053021571389331,0.007053021571389331
0.011920140067299566,0.011920140067299566,0.011920140067299566,0.011920140067299566,0.011920140067299566,0.011920140067299566,0.011920140067299566,0.011920140067299566,0.011920140067299566,0.011920140067299566,0.011920140067299566,0.011920140904429088,0.011920140104935506,0.011920140067299566,0.011920140067299566,0.011920140067299566,0.011920140067299566,0.7735173378465428,0.011920140067299566,0.011920140067299566
0.013575820850696337,0.013575820850696337,0.013575820850696337,0.013575820850696337,0.013575820850696337,0.013575820850696337,0.013575820850696337,0.013575820850696337,0.013575820850696337,0.013575820850696337,0.013575821795119455,0.013575821017820741,0.18063011523455347,0.013575820850696337,0.013575820850696337,0.013575820850696337,0.013575820850696337,0.5750051083413651,0.013575820850696337,0.013575820850696337
0.013431362562828125,0.013431362562828125,0.013431362562828125,0.013431362562828125,0.013431362562828125,0.013431362562828125,0.013431362562828125,0.013431362562828125,0.013431362562828125,0.013431362562828125,0.013431362562828125,0.013431362624564404,0.013431362562828125,0.013431362562828125,0.013431362562828125,0.013431362562828125,0.013431362562828125,0.7448041112445294,0.013431362562828125,0.013431362562828125
0.012990598684877515,0.012990598684877515,0.012990598684877515,0.012990598684877515,0.012990598684877515,0.012990598684877515,0.012990598684877515,0.012990598684877515,0.012990598684877515,0.012990598684877515,0.012990598684877515,0.012990598689688592,0.012990598684877515,0.012990598684877515,0.012990598684877515,0.012990598684877515,0.012990598684877515,0.7531786249825162,0.012990598684877515,0.012990598684877515
0.010760705331711086,0.010760705331711088,0.010760705331711088,0.010760705331711088,0.010760705331711088,0.010760705331711085,0.010760705331711088,0.010760705331711086,0.010760705331711088,0.010760705331711088,0.010760705331711088,0.2562949150740434,0.010760705331711085,0.010760705331711088,0.010760705331711088,0.010760705331711088,0.010760705331711088,0.5500123889551572,0.010760705331711088,0.010760705331711088
0.01694184718562918,0.01694184718562918,0.01694184718562918,0.01694184718562918,0.01694184718562918,0.01694184718562918,0.01694184718562918,0.01694184718562918,0.01694184718562918,0.01694184718562918,0.01694184718562918,0.01694184735776377,0.01694184718562918,0.01694184718562918,0.01694184718562918,0.01694184718562918,0.01694184718562918,0.678104903300911,0.01694184718562918,0.01694184718562918
0.013514299178974518,0.013514299178974518,0.013514299178974518,0.013514299178974518,0.013514299178974518,0.013514299178974516,0.013514299178974518,0.013514299178974518,0.013514299178974518,0.013514299178974518,0.013514299178974518,0.15644157692121666,0.013514299178974516,0.013514299178974518,0.013514299178974518,0.013514299178974518,0.013514299178974518,0.6003010378572422,0.013514299178974518,0.013514299178974518
0.01341130741792982,0.01341130741792982,0.01341130741792982,0.01341130741792982,0.01341130741792982,0.01341130741792982,0.01341130741792982,0.01341130741792982,0.01341130741792982,0.01341130741792982,0.01341130741792982,0.013411307498916735,0.01341130741792982,0.01341130741792982,0.01341130741792982,0.01341130741792982,0.01341130741792982,0.7451851589783466,0.01341130741792982,0.01341130741792982
0.013698167234696511,0.013698167234696511,0.013698167234696511,0.013698167234696511,0.013698167234696511,0.013698167234696511,0.013698167234696511,0.013698167234696511,0.013698167234696511,0.013698167234696511,0.013698167234696511,0.01369816729929195,0.013698167234696511,0.013698167234696511,0.013698167234696511,0.013698167234696511,0.013698167234696511,0.7397348224761708,0.013698167234696511,0.013698167234696511
0.015396451049858024,0.015396451049858024,0.015396451049858024,0.015396451049858024,0.015396451049858024,0.015396451049858024,0.015396451049858024,0.015396451049858024,0.015396451049858024,0.015396451049858024,0.015396451049858024,0.015396451109093384,0.015396451049858024,0.015396451049858024,0.015396451049858024,0.015396451049858024,0.015396451049858024,0.7074674299934623,0.015396451049858024,0.015396451049858024
0.009573861529963599,0.009573861529963599,0.009573861529963599,0.009573861529963599,0.009573861529963599,0.009573861529963599,0.009573861529963599,0.009573861529963599,0.009573861529963599,0.009573861529963599,0.009573861529963599,0.009573861561005693,0.00957386155844545,0.009573861529963599,0.009573861529963599,0.009573861529963599,0.009573861529963599,0.8180966308711677,0.009573861529963599,0.009573861529963599
0.012301395411546071,0.012301395411546071,0.012301395411546071,0.012301395411546071,0.012301395411546071,0.012301395411546071,0.012301395411546071,0.012301395411546071,0.012301395411546071,0.012301395411546071,0.012301395411546071,0.012301395466782206,0.012301395411546071,0.012301395411546071,0.012301395411546071,0.012301395411546071,0.012301395411546071,0.7662734871253885,0.012301395411546071,0.012301395411546071
0.013521873103940358,0.013521873103940358,0.013521873103940358,0.013521873103940358,0.013521873103940358,0.013521873103940358,0.013521873103940358,0.013521873103940358,0.013521873103940358,0.013521873103940358,0.013521873103940358,0.013521873257530766,0.013521873103940358,0.013521873103940358,0.013521873103940358,0.013521873103940358,0.013521873103940358,0.7430844108715429,0.013521873103940358,0.013521873103940358
0.00938619356350172,0.00938619356350172,0.00938619356350172,0.00938619356350172,0.00938619356350172,0.22836690489850375,0.00938619356350172,0.009386193563501719,0.00938619356350172,0.00938619356350172,0.00938619356350172,0.00938619358880523,0.009386193563501717,0.00938619356350172,0.00938619356350172,0.00938619356350172,0.00938619356350172,0.602681610933162,0.00938619356350172,0.00938619356350172
0.013358090559886586,0.013358090559886586,0.013358090559886586,0.013358090559886586,0.013358090559886586,0.013358090559886586,0.013358090559886586,0.013358090559886586,0.013358090559886586,0.013358090559886586,0.013358090559886586,0.01335809059758977,0.013358090559886586,0.013358090559886586,0.013358090559886586,0.013358090559886586,0.013358090559886586,0.7461962793244518,0.013358090559886586,0.013358090559886586
0.016429180347681784,0.016429180347681784,0.016429180347681784,0.016429180347681784,0.016429180347681784,0.016429180347681784,0.016429180347681784,0.016429180347681784,0.016429180347681784,0.016429180347681784,0.016429180347681784,0.01642918084842494,0.016429180347681784,0.016429180347681784,0.016429180347681784,0.016429180347681784,0.016429180347681784,0.6878455728933031,0.016429180347681784,0.016429180347681784
0.011998186102866513,0.011998186102866518,0.011998186102866518,0.011998186102866517,0.011998186102866517,0.011998186102866506,0.08184436498934936,0.011998186102866511,0.011998186102866518,0.011998186102866517,0.011998186102866517,0.011998186126236581,0.011998186102866504,0.011998186102866518,0.011998186102866517,0.011998186102866517,0.011998186102866518,0.7021882851356831,0.011998186102866518,0.011998186102866518
0.013779994726947903,0.013779994726947903,0.013779994726947903,0.013779994726947903,0.013779994726947903,0.013779994726947901,0.013779994726947903,0.013779994726947901,0.013779994726947903,0.013779994726947903,0.013779994726947903,0.2605612645080275,0.013779994726947901,0.013779994726947903,0.013779994726947903,0.013779994726947903,0.013779994726947903,0.49139883040691024,0.013779994726947903,0.013779994726947903
0.00919838628192419,0.00919838628192419,0.00919838628192419,0.00919838628192419,0.00919838628192419,0.00919838628192419,0.00919838628192419,0.00919838628192419,0.00919838628192419,0.00919838628192419,0.00919838628192419,0.009198386319779843,0.009198386317349087,0.00919838628192419,0.00919838628192419,0.00919838628192419,0.00919838628192419,0.8252306605701598,0.00919838628192419,0.00919838628192419
0.011305864000096196,0.011305864000096196,0.011305864000096196,0.011305864000096196,0.011305864000096196,0.011305864000096194,0.011305864000096196,0.011305864000096196,0.011305864000096196,0.011305864000096196,0.011305864000096196,0.011305864187321909,0.011305864000096194,0.011305864000096196,0.011305864000096196,0.011305864000096196,0.011305864000096196,0.7851885838109467,0.011305864000096196,0.011305864000096196
0.014221149002168464,0.014221149002168464,0.014221149002168464,0.014221149002168464,0.014221149002168464,0.014221149002168464,0.014221149002168464,0.014221149002168464,0.014221149002168464,0.014221149002168464,0.014221149002168464,0.014221149424772058,0.014221149002168464,0.014221149002168464,0.014221149002168464,0.014221149002168464,0.014221149002168464,0.7297981685361957,0.014221149002168464,0.014221149002168464
0.008796821791322027,0.008796821791322029,0.008796821791322029,0.008796821791322029,0.008796821791322029,0.008796821791322025,0.008796821791322027,0.008796822016907848,0.008796821791322029,0.008796821791322029,0.008796821791322029,0.008796821826441781,0.00879682181489376,0.008796821791322029,0.008796821791322029,0.008796821791322027,0.008796821791322029,0.8328603856806043,0.008796821791322029,0.008796821791322029
0.1490978629356093,0.013091177393785187,0.013091177393785187,0.013091177393785187,0.013091177393785187,0.013091177393785186,0.013091177393785187,0.013091177393785186,0.013091177393785187,0.013091177393785187,0.013091177393785187,0.01309117742134892,0.013091177393785186,0.013091177393785187,0.013091177393785187,0.013091177393785187,0.013091177393785187,0.6152609439486936,0.013091177393785187,0.013091177393785187
0.015515202042839443,0.015515202042839443,0.015515202042839443,0.015515202042839443,0.015515202042839443,0.015515202042839443,0.015515202042839443,0.015515202042839443,0.015515202042839443,0.015515202042839443,0.24852268444033543,0.015515202198866145,0.015515202042839443,0.015515202042839443,0.015515202042839443,0.015515202042839443,0.015515202042839443,0.472203678632528,0.015515202042839443,0.015515202042839443
0.01288603058899082,0.01288603058899082,0.01288603058899082,0.01288603058899082,0.01288603058899082,0.01288603058899082,0.01288603058899082,0.01288612605065715,0.01288603058899082,0.01288603058899082,0.01288603058899082,0.012886030813347082,0.01288603058899082,0.01288603058899082,0.01288603058899082,0.01288603058899082,0.01288603058899082,0.755165323123152,0.01288603058899082,0.01288603058899082
0.02028687456290344,0.02028687456290344,0.02028687456290344,0.02028687456290344,0.02028687456290344,0.02028687456290344,0.02028687456290344,0.02028687456290344,0.02028687456290344,0.02028687456290344,0.02028687456290344,0.02028687462359036,0.02028687456290344,0.02028687456290344,0.02028687456290344,0.02028687456290344,0.02028687456290344,0.6145493832441479,0.02028687456290344,0.02028687456290344
0.014817248531646768,0.01481724853164677,0.01481724853164677,0.01481724853164677,0.01481724853164677,0.014817248531646765,0.01481724853164677,0.014817248531646768,0.01481724853164677,0.01481724853164677,0.01481724853164677,0.014817248572914466,0.014817248531646763,0.01481724853164677,0.01481724853164677,0.01481724853164677,0.01481724853164677,0.7184722778574436,0.01481724853164677,0.01481724853164677
0.012817676515724642,0.012817676515724642,0.012817676515724642,0.14462357904777187,0.012817676515724642,0.01281767651572464,0.012817676515724642,0.012817676515724642,0.012817676515724642,0.012817676515724642,0.012817676515724642,0.012817676557095252,0.01281767651572464,0.012817676515724642,0.012817676515724642,0.012817676515724642,0.012817676515724642,0.6246582436278137,0.012817676515724642,0.012817676515724642
0.2381496926965433,0.015133031757307873,0.015133031757307873,0.015133031757307873,0.015133031757307873,0.015133031757307873,0.015133031757307873,0.015133031757307873,0.015133031757307873,0.015133031757307873,0.015133031757307873,0.015133031869876294,0.015133031757307873,0.015133031757307873,0.015133031757307873,0.015133031757307873,0.015133031757307873,0.4894557355593467,0.015133031757307873,0.015133031757307873
0.009135938236502958,0.009135938236502958,0.009135938236502958,0.009135938236502958,0.009135938236502958,0.009135938236502958,0.009135938236502958,0.5637161604357617,0.009135938236502958,0.009135938236502958,0.009135938236502958,0.00913593842870993,0.009135938236502958,0.009135938236502958,0.009135938236502958,0.009135938236502958,0.009135938236502958,0.27183695111497824,0.009135938236502958,0.009135938236502958
0.011632352040189564,0.011632352040189564,0.011632352040189564,0.011632352040189564,0.011632352040189564,0.011632352040189564,0.011632352040189564,0.011632352040189564,0.011632352040189564,0.011632352040189564,0.011632352040189564,0.011632352099762775,0.011632352040189564,0.011632352040189564,0.011632352040189564,0.011632352040189564,0.011632352040189564,0.7789853111768252,0.011632352040189564,0.011632352040189564
0.01168756651337472,0.1215602825355154,0.01168756651337472,0.01168756651337472,0.01168756651337472,0.011687566513374718,0.01168756651337472,0.01168756651337472,0.01168756651337472,0.01168756651337472,0.01168756651337472,0.011687566536796014,0.011687566513374718,0.01168756651337472,0.01168756651337472,0.01168756651337472,0.01168756651337472,0.6680635202003185,0.01168756651337472,0.01168756651337472
0.01341130741792982,0.01341130741792982,0.01341130741792982,0.01341130741792982,0.01341130741792982,0.01341130741792982,0.01341130741792982,0.01341130741792982,0.01341130741792982,0.01341130741792982,0.01341130741792982,0.013411307498916735,0.01341130741792982,0.01341130741792982,0.01341130741792982,0.01341130741792982,0.01341130741792982,0.7451851589783466,0.01341130741792982,0.01341130741792982
0.013831411360674338,0.013831411360674338,0.013831411360674338,0.013831411360674338,0.013831411360674338,0.013831411360674336,0.013831411360674338,0.013831411360674336,0.013831411360674338,0.013831411360674338,0.013831411360674338,0.22085162708480613,0.013831411360674336,0.013831411360674338,0.013831411360674338,0.013831411360674338,0.013831411360674338,0.530182968423056,0.013831411360674338,0.013831411360674338
0.010883121533583616,0.010883121533583617,0.010883121533583617,0.010883121533583617,0.010883121533583617,0.010883121533583616,0.010883121533583616,0.010883121533583616,0.010883121533583617,0.010883121533583616,0.010883121533583617,0.010883121546899532,0.010883121533583616,0.010883121533583617,0.010883121533583617,0.010883121533583616,0.010883121533583617,0.7932206908485955,0.010883121533583617,0.010883121533583617
0.013117088123492325,0.013117088123492325,0.013117088123492325,0.013117088123492325,0.013117088123492325,0.013117088123492325,0.013117088123492325,0.013117088123492325,0.013117088123492325,0.013117088123492325,0.013117088123492325,0.01311708819618972,0.013117088123492325,0.013117088123492325,0.013117088123492325,0.013117088123492325,0.013117088123492325,0.7507753255809484,0.013117088123492325,0.013117088123492325
0.013151413425058643,0.013151413425058643,0.013151413425058643,0.013151413425058643,0.013151413425058643,0.013151413425058643,0.013151413425058643,0.013151413425058643,0.013151413425058643,0.013151413425058643,0.013151413425058643,0.013151413923638363,0.013151413425058643,0.013151413425058643,0.013151413425058643,0.013151413425058643,0.013151413425058643,0.7501231444253061,0.013151413425058643,0.013151413425058643
0.013235389600352762,0.013235389600352762,0.013235389600352762,0.013235389600352762,0.013235389600352762,0.013235389600352762,0.013235389600352762,0.013235389600352762,0.013235389600352762,0.013235389600352762,0.013235389600352762,0.013235389636104676,0.013235389600352762,0.013235389600352762,0.013235389600352762,0.013235389600352762,0.013235389600352762,0.7485275975575456,0.013235389600352762,0.013235389600352762
0.011145185406991874,0.011145185406991876,0.011145185406991876,0.011145185406991876,0.011145185406991876,0.011145185406991874,0.011145185406991876,0.011145185406991874,0.011145185406991876,0.011145185406991876,0.011145185406991876,0.011145185507810525,0.011145185406991874,0.011145185406991876,0.011145185406991876,0.011145185406991876,0.011145185406991876,0.7882414771663359,0.011145185406991876,0.011145185406991876
0.013006593866365919,0.013006593866365919,0.013006593866365919,0.013006593866365919,0.013006593866365919,0.013006593866365919,0.013006593866365919,0.013006593866365919,0.013006593866365919,0.013006593866365919,0.013006593866365919,0.013006593923036444,0.013006593866365919,0.013006593866365919,0.013006593866365919,0.013006593866365919,0.013006593866365919,0.7528747164823771,0.013006593866365919,0.013006593866365919
0.012066692457992505,0.012066692457992505,0.012066692457992505,0.012066692457992505,0.012066692457992505,0.012066692457992505,0.012066692457992505,0.012066692457992505,0.012066692457992505,0.012066692457992505,0.012066692457992505,0.012066692499663684,0.012066692457992505,0.012066692457992505,0.012066692457992505,0.012066692457992505,0.012066692457992505,0.7707328432564712,0.012066692457992505,0.012066692457992505
0.0146374805279023,0.0146374805279023,0.0146374805279023,0.0146374805279023,0.0146374805279023,0.0146374805279023,0.0146374805279023,0.0146374805279023,0.0146374805279023,0.0146374805279023,0.0146374805279023,0.01463748056944566,0.0146374805279023,0.0146374805279023,0.0146374805279023,0.0146374805279023,0.0146374805279023,0.721887869928313,0.0146374805279023,0.0146374805279023
0.009493374922026423,0.009493374922026423,0.009493374922026423,0.009493374922026423,0.009493374922026423,0.00949337492202642,0.009493374922026423,0.009493375233818518,0.009493374922026423,0.009493374922026423,0.009493374922026423,0.009493374971109806,0.00949337492202642,0.009493374922026423,0.009493374922026423,0.009493374922026423,0.009493374922026423,0.8196258761206225,0.009493374922026423,0.009493374922026423
0.014855809665710606,0.014855809665710606,0.014855809665710606,0.014855809665710606,0.014855809665710606,0.014855809665710606,0.014855809665710606,0.014855809665710606,0.014855809665710606,0.014855809665710606,0.014855809665710606,0.014855809854081954,0.014855809665710606,0.014855809665710606,0.014855809665710606,0.014855809665710606,0.014855809665710606,0.7177396161631273,0.014855809665710606,0.014855809665710606
0.013891765534828605,0.013891765534828605,0.013891765534828605,0.013891765534828605,0.013891765534828605,0.013891765534828605,0.013891765534828605,0.013891765534828605,0.013891765534828605,0.013891765534828605,0.013891765534828605,0.013891767201922058,0.013891765534828605,0.013891765534828605,0.013891765534828605,0.013891765534828605,0.013891765534828605,0.7360564531711632,0.013891765534828605,0.013891765534828605
0.019486210347883542,0.019486210347883545,0.019486210347883545,0.019486210347883545,0.019486210347883545,0.019486210347883542,0.019486210347883542,0.019486210347883542,0.019486210347883545,0.019486210347883545,0.019486210347883545,0.01948621071172571,0.019486210347883542,0.019486210347883545,0.39309959993560906,0.019486210347883545,0.019486210347883545,0.25614861343864515,0.019486210347883545,0.019486210347883545
0.007053021571389331,0.007053021571389331,0.007053021571389331,0.007053021571389331,0.007053021571389331,0.6445273397681968,0.007053021571389331,0.007053021571389331,0.007053021571389331,0.007053021571389331,0.007053021571389331,0.007053021631095264,0.007053021571389331,0.007053021571389331,0.007053021571389331,0.007053021571389331,0.007053021571389331,0.22851827188708937,0.007053021571389331,0.007053021571389331
0.00908362910112005,0.00908362910112005,0.00908362910112005,0.00908362910112005,0.00908362910112005,0.00908362910112005,0.00908362910112005,0.00908362910112005,0.00908362910112005,0.00908362910112005,0.00908362910112005,0.009083629137349643,0.009083629135024586,0.00908362910112005,0.00908362910112005,0.00908362910112005,0.00908362910112005,0.8274110470085849,0.00908362910112005,0.00908362910112005
0.013048289302969593,0.013048289302969593,0.013048289302969593,0.013048289302969593,0.013048289302969593,0.013048289302969593,0.013048289302969593,0.013048289302969593,0.013048289302969593,0.013048289302969593,0.3848692240592549,0.013048289411393932,0.013048289537675827,0.013048289302969593,0.013048289302969593,0.013048289302969593,0.013048289302969593,0.380261568144162,0.013048289302969593,0.013048289302969593
0.016277396080192234,0.016277396080192234,0.016277396080192234,0.016277396080192234,0.016277396080192234,0.016277396080192234,0.016277396080192234,0.016277396080192234,0.016277396080192234,0.016277396080192234,0.016277396080192234,0.016277396244662585,0.016277396080192234,0.016277396080192234,0.016277396080192234,0.016277396080192234,0.016277396080192234,0.6907294743118774,0.016277396080192234,0.016277396080192234
0.015714306182398188,0.015714306182398188,0.015714306182398188,0.015714306182398188,0.015714306182398188,0.015714306182398188,0.015714306182398188,0.015714306182398188,0.015714306182398188,0.015714306182398188,0.015714306182398188,0.015714306541219036,0.015714306182398188,0.015714306182398188,0.015714306182398188,0.015714306182398188,0.015714306182398188,0.7014281821756136,0.015714306182398188,0.015714306182398188
